20 20 2 3 1 0
403
-1 -1 -1 1 0
-1 -1 -1 1 0
-1 -1 -1 1 0
8 265 -1 0 0
6 43 -1 0 0
5 303 -1 0 0
3 143 303 0 0
6 286 -1 0 0
1 387 146 0 0
8 68 -1 0 0
7 287 -1 0 0
5 145 -1 0 0
5 73 -1 0 0
2 315 311 0 0
6 155 -1 0 0
5 144 -1 0 0
1 343 31 0 0
6 131 -1 0 0
7 143 -1 0 0
6 185 -1 0 0
6 290 -1 0 0
6 349 -1 0 0
6 64 -1 0 0
8 104 -1 0 0
7 183 -1 0 0
5 306 -1 0 0
2 207 344 0 0
3 266 124 0 0
5 184 -1 0 0
4 226 6 0 0
3 25 166 0 0
4 330 13 0 0
8 184 -1 0 0
3 134 210 0 0
7 50 -1 0 0
2 151 276 0 0
6 287 -1 0 0
7 136 -1 0 0
8 294 -1 0 0
2 55 160 0 0
3 324 325 0 0
4 1 355 0 0
2 21 383 0 0
3 204 165 0 0
5 245 -1 0 0
8 184 -1 0 0
3 188 24 0 0
6 45 -1 0 0
2 83 185 0 0
1 163 164 0 0
7 208 -1 0 0
3 352 290 0 0
7 126 -1 0 0
5 370 -1 0 0
4 188 16 0 0
6 10 -1 0 0
4 48 111 0 0
6 309 -1 0 0
6 167 -1 0 0
5 28 -1 0 0
7 134 -1 0 0
1 368 358 0 0
8 135 -1 0 0
7 85 -1 0 0
7 6 -1 0 0
8 224 -1 0 0
2 207 285 0 0
1 3 389 0 0
1 390 50 0 0
6 305 -1 0 0
6 43 -1 0 0
7 224 -1 0 0
5 305 -1 0 0
3 144 44 0 0
2 263 124 0 0
8 384 -1 0 0
3 147 87 0 0
8 184 -1 0 0
7 139 -1 0 0
3 112 24 0 0
5 362 -1 0 0
4 239 338 0 0
7 104 -1 0 0
7 185 -1 0 0
6 126 -1 0 0
6 266 -1 0 0
8 267 -1 0 0
6 49 -1 0 0
7 245 -1 0 0
1 28 345 0 0
7 372 -1 0 0
5 24 -1 0 0
7 26 -1 0 0
6 187 -1 0 0
1 26 290 0 0
1 103 371 0 0
4 113 30 0 0
4 386 214 0 0
4 89 349 0 0
2 51 289 0 0
6 279 -1 0 0
6 131 -1 0 0
4 359 348 0 0
2 2 325 0 0
6 126 -1 0 0
3 67 164 0 0
5 388 -1 0 0
6 204 -1 0 0
4 105 250 0 0
3 268 268 0 0
4 27 352 0 0
6 148 -1 0 0
6 54 -1 0 0
1 334 15 0 0
8 365 -1 0 0
6 313 -1 0 0
5 374 -1 0 0
1 343 170 0 0
2 67 203 0 0
7 118 -1 0 0
8 366 -1 0 0
2 4 166 0 0
8 330 -1 0 0
6 0 -1 0 0
5 205 -1 0 0
7 103 -1 0 0
3 344 28 0 0
4 383 363 0 0
7 30 -1 0 0
2 126 287 0 0
2 285 106 0 0
8 270 -1 0 0
8 394 -1 0 0
4 374 225 0 0
3 190 89 0 0
6 369 -1 0 0
2 344 48 0 0
8 99 -1 0 0
6 193 -1 0 0
1 147 376 0 0
1 216 247 0 0
8 211 -1 0 0
5 318 -1 0 0
7 284 -1 0 0
5 0 -1 0 0
4 26 287 0 0
5 24 -1 0 0
3 323 186 0 0
3 384 123 0 0
8 346 -1 0 0
5 65 -1 0 0
2 125 68 0 0
6 371 -1 0 0
4 14 32 0 0
1 331 215 0 0
6 268 -1 0 0
7 225 -1 0 0
1 164 353 0 0
7 270 -1 0 0
1 204 53 0 0
6 366 -1 0 0
7 8 -1 0 0
1 154 318 0 0
8 0 -1 0 0
8 3 -1 0 0
8 226 -1 0 0
6 0 -1 0 0
8 209 -1 0 0
4 26 2 0 0
4 43 231 0 0
7 131 -1 0 0
8 2 -1 0 0
8 266 -1 0 0
7 294 -1 0 0
6 296 -1 0 0
4 232 249 0 0
4 295 249 0 0
8 169 -1 0 0
6 132 -1 0 0
7 267 -1 0 0
6 95 -1 0 0
4 36 247 0 0
2 99 229 0 0
3 2 84 0 0
1 266 326 0 0
6 163 -1 0 0
4 168 207 0 0
3 128 24 0 0
5 363 -1 0 0
1 310 84 0 0
1 267 231 0 0
7 170 -1 0 0
4 228 265 0 0
1 85 207 0 0
4 226 175 0 0
6 106 -1 0 0
4 174 114 0 0
7 399 -1 0 0
5 146 -1 0 0
1 107 23 0 0
8 36 -1 0 0
6 282 -1 0 0
2 92 239 0 0
4 365 345 0 0
2 305 25 0 0
5 286 -1 0 0
1 68 23 0 0
6 83 -1 0 0
6 367 -1 0 0
3 183 230 0 0
3 352 344 0 0
4 67 273 0 0
1 63 71 0 0
4 168 174 0 0
4 135 163 0 0
4 271 350 0 0
4 223 358 0 0
1 379 167 0 0
6 192 -1 0 0
7 186 -1 0 0
8 194 -1 0 0
8 216 -1 0 0
7 145 -1 0 0
5 244 -1 0 0
7 5 -1 0 0
2 144 287 0 0
8 264 -1 0 0
5 46 -1 0 0
3 47 330 0 0
8 331 -1 0 0
2 71 109 0 0
8 343 -1 0 0
8 225 -1 0 0
5 184 -1 0 0
1 75 233 0 0
8 244 -1 0 0
3 295 2 0 0
2 365 170 0 0
2 226 193 0 0
6 31 -1 0 0
3 181 161 0 0
3 246 44 0 0
1 311 80 0 0
7 384 -1 0 0
5 166 -1 0 0
7 24 -1 0 0
7 184 -1 0 0
3 325 248 0 0
5 205 -1 0 0
6 144 -1 0 0
7 132 -1 0 0
7 53 -1 0 0
1 51 8 0 0
1 247 168 0 0
6 345 -1 0 0
7 37 -1 0 0
8 348 -1 0 0
2 184 268 0 0
1 31 210 0 0
2 153 273 0 0
7 302 -1 0 0
4 75 313 0 0
8 286 -1 0 0
3 0 285 0 0
8 243 -1 0 0
4 84 23 0 0
7 123 -1 0 0
4 308 329 0 0
8 4 -1 0 0
7 11 -1 0 0
3 271 311 0 0
1 388 147 0 0
6 226 -1 0 0
7 103 -1 0 0
6 388 -1 0 0
4 209 325 0 0
6 5 -1 0 0
2 216 199 0 0
1 283 223 0 0
2 191 191 0 0
1 332 276 0 0
4 287 167 0 0
6 287 -1 0 0
8 244 -1 0 0
7 265 -1 0 0
7 227 -1 0 0
6 65 -1 0 0
4 24 125 0 0
3 344 383 0 0
2 23 186 0 0
8 46 -1 0 0
8 89 -1 0 0
8 203 -1 0 0
2 186 234 0 0
5 363 -1 0 0
7 52 -1 0 0
3 373 85 0 0
1 35 367 0 0
4 308 128 0 0
7 38 -1 0 0
8 239 -1 0 0
6 149 -1 0 0
2 153 392 0 0
1 1 304 0 0
2 123 283 0 0
6 307 -1 0 0
2 265 48 0 0
4 149 149 0 0
5 285 -1 0 0
6 145 -1 0 0
6 85 -1 0 0
2 385 30 0 0
7 68 -1 0 0
6 183 -1 0 0
6 386 -1 0 0
1 290 374 0 0
3 88 271 0 0
7 194 -1 0 0
6 131 -1 0 0
7 49 -1 0 0
4 154 8 0 0
3 278 328 0 0
3 381 92 0 0
6 184 -1 0 0
3 146 186 0 0
3 26 206 0 0
3 5 385 0 0
5 1 -1 0 0
2 27 363 0 0
1 366 164 0 0
6 345 -1 0 0
7 129 -1 0 0
6 54 -1 0 0
2 394 352 0 0
4 189 395 0 0
7 46 -1 0 0
2 349 34 0 0
3 366 138 0 0
1 288 369 0 0
1 296 225 0 0
3 62 322 0 0
5 224 -1 0 0
1 131 218 0 0
4 304 324 0 0
8 123 -1 0 0
2 107 387 0 0
4 164 364 0 0
3 229 288 0 0
7 210 -1 0 0
5 51 -1 0 0
4 71 206 0 0
7 169 -1 0 0
5 114 -1 0 0
1 291 391 0 0
6 392 -1 0 0
6 147 -1 0 0
5 23 -1 0 0
6 30 -1 0 0
3 43 80 0 0
1 314 230 0 0
3 46 153 0 0
5 368 -1 0 0
7 286 -1 0 0
4 185 304 0 0
7 6 -1 0 0
3 383 283 0 0
8 387 -1 0 0
3 264 108 0 0
1 127 186 0 0
7 190 -1 0 0
5 66 -1 0 0
2 353 190 0 0
3 44 328 0 0
8 170 -1 0 0
8 90 -1 0 0
2 237 305 0 0
3 58 91 0 0
2 123 143 0 0
1 227 139 0 0
5 338 -1 0 0
8 56 -1 0 0
8 334 -1 0 0
8 384 -1 0 0
6 245 -1 0 0
4 166 245 0 0
4 0 207 0 0
4 165 344 0 0
5 368 -1 0 0
5 250 -1 0 0
4 163 243 0 0
3 91 148 0 0
3 23 165 0 0
4 370 348 0 0
4 349 315 0 0
1 396 112 0 0
2 56 394 0 0
8 217 -1 0 0
2 51 190 0 0
4 339 325 0 0
8 87 -1 0 0
7 22 -1 0 0
2 223 225 0 0
6 90 -1 0 0
1
10 4.94361e-310
