20 20 3 6 1 0
406
-1 -1 -1 1 0
-1 -1 -1 1 0
-1 -1 -1 1 0
-1 -1 -1 1 0
-1 -1 -1 1 0
-1 -1 -1 1 0
1 269 287 0 0
9 10 -1 0 0
8 129 -1 0 0
3 71 131 0 0
8 329 -1 0 0
2 54 33 0 0
2 147 268 0 0
3 216 231 0 0
7 308 -1 0 0
2 113 51 0 0
7 12 -1 0 0
6 1 -1 0 0
4 12 237 0 0
1 193 32 0 0
1 313 248 0 0
3 17 247 0 0
5 300 -1 0 0
8 287 -1 0 0
5 162 -1 0 0
6 301 -1 0 0
4 208 288 0 0
3 90 130 0 0
6 390 -1 0 0
6 186 -1 0 0
6 373 -1 0 0
3 393 307 0 0
7 213 -1 0 0
4 95 95 0 0
7 250 -1 0 0
7 369 -1 0 0
7 234 -1 0 0
9 170 -1 0 0
3 261 151 0 0
6 86 -1 0 0
2 38 362 0 0
1 66 46 0 0
2 57 36 0 0
2 88 290 0 0
4 60 275 0 0
5 178 -1 0 0
5 327 -1 0 0
6 166 -1 0 0
4 30 207 0 0
1 127 392 0 0
9 171 -1 0 0
5 52 -1 0 0
7 327 -1 0 0
3 32 134 0 0
5 367 -1 0 0
5 332 -1 0 0
2 388 310 0 0
3 393 367 0 0
8 112 -1 0 0
4 182 402 0 0
6 352 -1 0 0
6 119 -1 0 0
7 138 -1 0 0
7 287 -1 0 0
2 96 201 0 0
3 350 217 0 0
5 348 -1 0 0
4 386 90 0 0
1 91 10 0 0
3 4 287 0 0
4 73 51 0 0
1 254 194 0 0
9 247 -1 0 0
6 49 -1 0 0
1 47 52 0 0
7 2 -1 0 0
2 338 352 0 0
2 16 350 0 0
6 36 -1 0 0
9 360 -1 0 0
2 50 28 0 0
9 311 -1 0 0
9 219 -1 0 0
8 271 -1 0 0
5 177 -1 0 0
8 88 -1 0 0
9 88 -1 0 0
7 106 -1 0 0
4 4 266 0 0
1 70 151 0 0
1 132 47 0 0
5 172 -1 0 0
7 35 -1 0 0
5 234 -1 0 0
9 310 -1 0 0
2 128 257 0 0
1 354 134 0 0
7 129 -1 0 0
6 212 -1 0 0
4 72 161 0 0
5 306 -1 0 0
8 296 -1 0 0
7 332 -1 0 0
3 297 3 0 0
1 28 277 0 0
7 214 -1 0 0
3 8 348 0 0
5 66 -1 0 0
8 249 -1 0 0
4 392 171 0 0
3 172 269 0 0
5 314 -1 0 0
2 108 0 0 0
3 155 375 0 0
9 273 -1 0 0
6 76 -1 0 0
2 188 270 0 0
2 279 353 0 0
4 289 347 0 0
7 362 -1 0 0
5 99 -1 0 0
8 104 -1 0 0
8 29 -1 0 0
8 335 -1 0 0
1 42 248 0 0
2 383 307 0 0
3 248 7 0 0
8 150 -1 0 0
6 227 -1 0 0
3 88 312 0 0
6 291 -1 0 0
3 234 8 0 0
2 150 31 0 0
3 268 208 0 0
6 372 -1 0 0
8 91 -1 0 0
3 291 339 0 0
8 40 -1 0 0
3 359 93 0 0
1 77 61 0 0
6 157 -1 0 0
2 55 67 0 0
1 371 339 0 0
2 198 44 0 0
9 368 -1 0 0
7 95 -1 0 0
7 328 -1 0 0
1 390 368 0 0
3 246 191 0 0
1 51 170 0 0
7 329 -1 0 0
8 312 -1 0 0
6 349 -1 0 0
5 132 -1 0 0
7 37 -1 0 0
9 37 -1 0 0
7 113 -1 0 0
1 188 126 0 0
7 193 -1 0 0
9 358 -1 0 0
8 374 -1 0 0
9 174 -1 0 0
7 385 -1 0 0
1 282 328 0 0
1 160 377 0 0
4 102 387 0 0
9 269 -1 0 0
8 5 -1 0 0
7 349 -1 0 0
4 112 387 0 0
4 248 387 0 0
4 368 248 0 0
6 313 -1 0 0
4 330 315 0 0
3 247 92 0 0
9 174 -1 0 0
2 166 309 0 0
5 71 -1 0 0
7 115 -1 0 0
7 47 -1 0 0
9 327 -1 0 0
8 384 -1 0 0
1 308 274 0 0
4 26 386 0 0
4 59 388 0 0
3 42 235 0 0
1 368 267 0 0
1 230 206 0 0
9 5 -1 0 0
1 88 226 0 0
6 327 -1 0 0
7 226 -1 0 0
1 267 190 0 0
2 392 350 0 0
3 166 355 0 0
3 306 373 0 0
9 306 -1 0 0
6 193 -1 0 0
3 377 81 0 0
4 321 18 0 0
9 33 -1 0 0
2 337 156 0 0
1 397 107 0 0
4 289 389 0 0
4 255 175 0 0
7 102 -1 0 0
4 349 267 0 0
6 128 -1 0 0
4 251 327 0 0
2 1 4 0 0
9 48 -1 0 0
5 306 -1 0 0
2 127 133 0 0
1 256 329 0 0
2 28 315 0 0
1 296 57 0 0
6 299 -1 0 0
6 209 -1 0 0
5 272 -1 0 0
3 114 216 0 0
3 36 86 0 0
7 8 -1 0 0
7 33 -1 0 0
6 208 -1 0 0
3 223 350 0 0
2 263 214 0 0
9 209 -1 0 0
6 149 -1 0 0
6 5 -1 0 0
7 146 -1 0 0
6 5 -1 0 0
6 73 -1 0 0
7 327 -1 0 0
1 6 267 0 0
8 153 -1 0 0
5 393 -1 0 0
5 7 -1 0 0
5 296 -1 0 0
4 231 166 0 0
1 256 335 0 0
7 235 -1 0 0
3 128 74 0 0
7 336 -1 0 0
7 393 -1 0 0
3 326 31 0 0
3 92 382 0 0
8 329 -1 0 0
5 229 -1 0 0
1 311 327 0 0
1 307 131 0 0
3 1 313 0 0
6 174 -1 0 0
4 315 294 0 0
6 154 -1 0 0
3 373 6 0 0
6 196 -1 0 0
1 359 293 0 0
5 54 -1 0 0
7 51 -1 0 0
9 300 -1 0 0
7 75 -1 0 0
1 136 391 0 0
6 363 -1 0 0
9 330 -1 0 0
2 201 196 0 0
3 295 209 0 0
7 329 -1 0 0
3 66 70 0 0
1 10 290 0 0
4 191 268 0 0
9 393 -1 0 0
8 190 -1 0 0
7 273 -1 0 0
7 271 -1 0 0
2 288 28 0 0
3 210 66 0 0
3 372 297 0 0
5 107 -1 0 0
4 239 387 0 0
8 261 -1 0 0
3 401 368 0 0
6 256 -1 0 0
1 138 357 0 0
4 199 359 0 0
1 139 211 0 0
4 10 161 0 0
6 28 -1 0 0
8 190 -1 0 0
2 351 129 0 0
1 70 67 0 0
1 1 46 0 0
9 254 -1 0 0
5 128 -1 0 0
5 252 -1 0 0
3 292 136 0 0
5 276 -1 0 0
6 167 -1 0 0
8 120 -1 0 0
6 2 -1 0 0
8 320 -1 0 0
5 386 -1 0 0
8 186 -1 0 0
7 168 -1 0 0
4 56 248 0 0
9 120 -1 0 0
1 73 292 0 0
1 367 3 0 0
1 3 88 0 0
2 349 211 0 0
5 146 -1 0 0
6 333 -1 0 0
4 94 46 0 0
8 230 -1 0 0
3 330 196 0 0
2 28 307 0 0
2 110 153 0 0
7 75 -1 0 0
4 294 126 0 0
9 373 -1 0 0
8 290 -1 0 0
1 101 242 0 0
7 46 -1 0 0
6 143 -1 0 0
8 142 -1 0 0
9 281 -1 0 0
3 215 178 0 0
3 348 329 0 0
7 4 -1 0 0
2 209 209 0 0
4 2 312 0 0
1 26 272 0 0
4 389 73 0 0
9 326 -1 0 0
7 187 -1 0 0
3 187 68 0 0
8 227 -1 0 0
9 148 -1 0 0
6 208 -1 0 0
1 350 88 0 0
9 196 -1 0 0
1 8 279 0 0
6 378 -1 0 0
1 211 180 0 0
4 64 82 0 0
5 312 -1 0 0
9 37 -1 0 0
7 49 -1 0 0
1 130 69 0 0
6 347 -1 0 0
6 287 -1 0 0
7 71 -1 0 0
9 48 -1 0 0
9 4 -1 0 0
3 330 207 0 0
5 168 -1 0 0
2 92 289 0 0
5 3 -1 0 0
1 60 2 0 0
2 266 321 0 0
4 358 366 0 0
7 0 -1 0 0
8 53 -1 0 0
7 371 -1 0 0
2 270 134 0 0
1 19 186 0 0
2 224 326 0 0
7 289 -1 0 0
1 49 5 0 0
6 6 -1 0 0
7 226 -1 0 0
3 109 106 0 0
9 70 -1 0 0
6 368 -1 0 0
8 215 -1 0 0
9 157 -1 0 0
4 138 48 0 0
7 166 -1 0 0
4 313 371 0 0
6 249 -1 0 0
8 20 -1 0 0
3 296 0 0 0
6 219 -1 0 0
7 328 -1 0 0
5 1 -1 0 0
7 21 -1 0 0
2 328 402 0 0
9 47 -1 0 0
1 206 88 0 0
5 306 -1 0 0
6 248 -1 0 0
3 0 169 0 0
3 346 92 0 0
9 67 -1 0 0
9 212 -1 0 0
8 236 -1 0 0
6 334 -1 0 0
1 134 37 0 0
2 369 146 0 0
8 19 -1 0 0
4 153 170 0 0
8 310 -1 0 0
7 248 -1 0 0
2 100 337 0 0
1 102 287 0 0
6 100 -1 0 0
7 103 -1 0 0
1
53 4.52338e-312
