20 20 3 3 1 0
403
-1 -1 -1 1 0
-1 -1 -1 1 0
-1 -1 -1 1 0
4 0 304 0 0
1 145 206 0 0
5 324 -1 0 0
3 347 144 0 0
3 65 228 0 0
8 391 -1 0 0
5 147 -1 0 0
3 146 125 0 0
7 1 -1 0 0
3 303 167 0 0
5 331 -1 0 0
1 248 32 0 0
6 163 -1 0 0
5 232 -1 0 0
2 35 334 0 0
8 40 -1 0 0
4 56 55 0 0
4 350 208 0 0
3 192 35 0 0
4 126 344 0 0
3 145 65 0 0
6 325 -1 0 0
4 148 243 0 0
8 349 -1 0 0
2 106 89 0 0
1 371 384 0 0
6 304 -1 0 0
4 112 168 0 0
5 223 -1 0 0
6 111 -1 0 0
3 71 309 0 0
7 8 -1 0 0
5 163 -1 0 0
5 2 -1 0 0
7 36 -1 0 0
3 66 336 0 0
3 358 32 0 0
4 94 181 0 0
4 50 306 0 0
1 254 338 0 0
6 64 -1 0 0
6 5 -1 0 0
5 164 -1 0 0
6 304 -1 0 0
6 145 -1 0 0
3 249 387 0 0
4 85 390 0 0
3 383 333 0 0
8 134 -1 0 0
7 28 -1 0 0
1 392 284 0 0
3 6 36 0 0
8 369 -1 0 0
4 308 23 0 0
7 376 -1 0 0
2 160 379 0 0
5 265 -1 0 0
1 402 177 0 0
5 245 -1 0 0
6 36 -1 0 0
8 44 -1 0 0
8 0 -1 0 0
6 43 -1 0 0
5 48 -1 0 0
3 329 23 0 0
7 250 -1 0 0
8 212 -1 0 0
5 109 -1 0 0
3 113 73 0 0
5 194 -1 0 0
8 72 -1 0 0
8 287 -1 0 0
7 57 -1 0 0
3 278 218 0 0
8 58 -1 0 0
8 4 -1 0 0
4 218 353 0 0
3 239 1 0 0
4 89 374 0 0
7 315 -1 0 0
8 304 -1 0 0
3 83 286 0 0
8 7 -1 0 0
2 329 205 0 0
3 6 305 0 0
6 243 -1 0 0
5 272 -1 0 0
4 29 49 0 0
4 370 4 0 0
4 105 113 0 0
8 4 -1 0 0
5 43 -1 0 0
2 313 150 0 0
7 379 -1 0 0
2 271 50 0 0
5 264 -1 0 0
3 127 189 0 0
1 48 53 0 0
8 302 -1 0 0
7 386 -1 0 0
1 346 26 0 0
7 387 -1 0 0
4 283 146 0 0
1 0 8 0 0
2 363 88 0 0
7 25 -1 0 0
7 11 -1 0 0
3 343 249 0 0
3 265 365 0 0
8 35 -1 0 0
1 129 36 0 0
3 372 244 0 0
8 64 -1 0 0
2 71 384 0 0
6 265 -1 0 0
6 109 -1 0 0
5 357 -1 0 0
8 42 -1 0 0
8 1 -1 0 0
8 1 -1 0 0
1 86 306 0 0
5 225 -1 0 0
8 8 -1 0 0
7 103 -1 0 0
1 168 6 0 0
8 306 -1 0 0
1 391 385 0 0
1 353 186 0 0
1 329 273 0 0
8 255 -1 0 0
6 250 -1 0 0
7 166 -1 0 0
2 274 247 0 0
2 344 319 0 0
1 289 103 0 0
8 331 -1 0 0
1 230 286 0 0
8 208 -1 0 0
3 194 190 0 0
8 140 -1 0 0
3 345 184 0 0
6 27 -1 0 0
5 384 -1 0 0
2 128 288 0 0
6 265 -1 0 0
2 4 385 0 0
4 232 383 0 0
6 353 -1 0 0
1 89 364 0 0
1 244 10 0 0
6 128 -1 0 0
2 393 256 0 0
5 176 -1 0 0
7 314 -1 0 0
7 108 -1 0 0
3 204 346 0 0
8 266 -1 0 0
7 128 -1 0 0
4 117 4 0 0
6 343 -1 0 0
6 264 -1 0 0
2 23 203 0 0
5 23 -1 0 0
5 143 -1 0 0
7 208 -1 0 0
2 229 66 0 0
6 143 -1 0 0
1 343 124 0 0
1 54 385 0 0
2 289 353 0 0
8 386 -1 0 0
2 115 183 0 0
6 216 -1 0 0
6 289 -1 0 0
3 167 135 0 0
5 29 -1 0 0
4 90 24 0 0
6 36 -1 0 0
8 160 -1 0 0
5 324 -1 0 0
6 285 -1 0 0
7 246 -1 0 0
1 63 244 0 0
1 83 147 0 0
2 105 188 0 0
5 125 -1 0 0
3 385 65 0 0
7 383 -1 0 0
7 243 -1 0 0
6 114 -1 0 0
2 51 171 0 0
3 30 337 0 0
3 187 330 0 0
5 99 -1 0 0
7 271 -1 0 0
8 157 -1 0 0
7 136 -1 0 0
4 199 138 0 0
1 208 355 0 0
4 55 378 0 0
7 144 -1 0 0
8 23 -1 0 0
6 64 -1 0 0
6 228 -1 0 0
3 90 363 0 0
6 11 -1 0 0
5 152 -1 0 0
5 83 -1 0 0
5 273 -1 0 0
7 106 -1 0 0
7 127 -1 0 0
2 193 91 0 0
2 73 337 0 0
2 68 108 0 0
5 218 -1 0 0
3 207 271 0 0
4 306 392 0 0
5 21 -1 0 0
6 359 -1 0 0
6 84 -1 0 0
5 264 -1 0 0
8 26 -1 0 0
5 228 -1 0 0
7 7 -1 0 0
6 310 -1 0 0
7 165 -1 0 0
1 44 52 0 0
6 211 -1 0 0
6 148 -1 0 0
6 70 -1 0 0
1 69 51 0 0
3 104 357 0 0
5 132 -1 0 0
4 329 138 0 0
8 94 -1 0 0
2 121 110 0 0
1 402 360 0 0
2 368 183 0 0
3 220 245 0 0
4 357 45 0 0
4 0 206 0 0
8 243 -1 0 0
7 247 -1 0 0
1 208 69 0 0
5 129 -1 0 0
7 385 -1 0 0
2 26 43 0 0
2 272 145 0 0
7 2 -1 0 0
5 23 -1 0 0
5 10 -1 0 0
6 205 -1 0 0
1 297 276 0 0
2 89 124 0 0
4 159 168 0 0
5 115 -1 0 0
8 138 -1 0 0
7 208 -1 0 0
6 264 -1 0 0
1 118 84 0 0
5 106 -1 0 0
8 85 -1 0 0
3 386 84 0 0
5 389 -1 0 0
3 0 109 0 0
1 109 23 0 0
5 70 -1 0 0
2 173 291 0 0
7 269 -1 0 0
8 64 -1 0 0
1 23 50 0 0
1 16 297 0 0
7 147 -1 0 0
8 179 -1 0 0
5 392 -1 0 0
3 26 335 0 0
7 385 -1 0 0
5 181 -1 0 0
2 76 333 0 0
4 51 30 0 0
2 344 225 0 0
4 367 105 0 0
6 383 -1 0 0
2 89 123 0 0
6 266 -1 0 0
3 166 229 0 0
7 368 -1 0 0
8 148 -1 0 0
5 145 -1 0 0
3 144 167 0 0
1 54 387 0 0
1 88 215 0 0
1 388 345 0 0
7 123 -1 0 0
2 91 34 0 0
6 294 -1 0 0
1 130 263 0 0
7 45 -1 0 0
3 171 348 0 0
4 399 120 0 0
3 0 84 0 0
1 65 227 0 0
6 144 -1 0 0
3 144 343 0 0
1 123 288 0 0
7 43 -1 0 0
1 52 25 0 0
6 4 -1 0 0
8 223 -1 0 0
7 268 -1 0 0
2 75 2 0 0
4 384 237 0 0
2 216 123 0 0
1 91 204 0 0
4 99 316 0 0
7 77 -1 0 0
1 161 148 0 0
2 313 375 0 0
2 271 133 0 0
2 14 87 0 0
1 65 2 0 0
2 323 226 0 0
1 47 7 0 0
5 388 -1 0 0
3 70 45 0 0
5 63 -1 0 0
8 244 -1 0 0
7 47 -1 0 0
6 364 -1 0 0
5 8 -1 0 0
6 256 -1 0 0
5 53 -1 0 0
2 348 144 0 0
4 323 209 0 0
8 390 -1 0 0
7 226 -1 0 0
4 40 362 0 0
3 337 34 0 0
3 216 271 0 0
8 165 -1 0 0
8 46 -1 0 0
5 267 -1 0 0
5 208 -1 0 0
5 365 -1 0 0
3 28 263 0 0
2 71 207 0 0
4 52 208 0 0
3 213 44 0 0
8 168 -1 0 0
4 351 293 0 0
8 148 -1 0 0
5 103 -1 0 0
7 345 -1 0 0
3 278 294 0 0
2 359 30 0 0
6 291 -1 0 0
2 110 214 0 0
6 168 -1 0 0
4 340 89 0 0
2 76 371 0 0
7 126 -1 0 0
2 145 283 0 0
2 224 307 0 0
1 88 184 0 0
4 110 50 0 0
2 246 211 0 0
2 350 31 0 0
7 393 -1 0 0
1 386 250 0 0
1 353 335 0 0
6 226 -1 0 0
4 337 168 0 0
2 331 248 0 0
2 150 86 0 0
8 28 -1 0 0
8 150 -1 0 0
1 162 210 0 0
5 25 -1 0 0
5 106 -1 0 0
2 269 344 0 0
4 64 226 0 0
6 205 -1 0 0
2 207 387 0 0
7 64 -1 0 0
5 1 -1 0 0
3 110 2 0 0
1 207 366 0 0
8 187 -1 0 0
7 63 -1 0 0
3 231 135 0 0
6 304 -1 0 0
5 313 -1 0 0
2 366 368 0 0
2 335 153 0 0
5 59 -1 0 0
6 249 -1 0 0
2 7 192 0 0
3 335 398 0 0
5 297 -1 0 0
5 89 -1 0 0
1
175 0
