0.75 0.21125 0.46125
1.125 0.31 0.56
1.5 0.23125 0.48125
1.875 0.36875 0.61875
2.25 0.245 0.495
2.625 0.21625 0.46625
3 0.14125 0.39125
3.375 0.24625 0.49625
3.75 0.15875 0.40875
4.125 0.34625 0.59625
4.5 0.26125 0.51125
4.875 0.335 0.585
5.25 0.36625 0.61625
5.625 0.2625 0.5125
6 0.1375 0.3875
6.375 0.3575 0.6075
6.75 0.25625 0.50625
7.125 0.21625 0.46625
7.5 0.23125 0.48125
7.875 0.2475 0.4975
8.25 0.24375 0.49375
8.625 0.33625 0.58625
9 0.22875 0.47875
9.375 0.1525 0.4025
9.75 0.15625 0.40625