20 20 2 3 1 1 0
403
-1 -1 -1 1 0
-1 -1 -1 1 0.6
-1 -1 -1 1 -0.05
3 284 224 0 0.0161178
2 86 283 0 nan
7 263 -1 0 nan
1 128 107 0 nan
1 268 149 0 0.14038
8 244 -1 0 nan
5 5 -1 0 nan
3 269 223 0 nan
5 113 -1 0 nan
6 130 -1 0 nan
2 109 366 0 nan
4 130 183 0 nan
1 111 356 0 nan
2 355 68 0 nan
2 347 33 0 nan
2 17 32 0 nan
5 121 -1 0 nan
1 78 229 0 nan
2 302 64 0 nan
8 254 -1 0 nan
3 24 2 0 nan
2 243 306 0 nan
2 364 246 0 -2.29166
2 148 384 0 -0.472625
3 263 303 0 nan
6 150 -1 0 0.88774
7 307 -1 0 nan
8 249 -1 0 nan
3 28 265 0 nan
7 289 -1 0 -nan(ind)
6 348 -1 0 nan
7 263 -1 0 nan
8 227 -1 0 nan
2 387 177 0 nan
8 249 -1 0 nan
5 233 -1 0 nan
5 58 -1 0 nan
2 237 396 0 nan
7 357 -1 0 nan
7 314 -1 0 nan
4 304 2 0 nan
3 183 165 0 0.174461
8 226 -1 0 0.000388346
2 284 325 0 1.62618
2 44 303 0 nan
4 3 186 0 0.0877082
8 143 -1 0 nan
4 168 326 0 nan
5 247 -1 0 0.534868
3 174 105 0 nan
4 69 50 0 nan
7 392 -1 0 nan
1 130 289 0 nan
8 393 -1 0 nan
1 33 165 0 nan
3 104 67 0 nan
7 208 -1 0 nan
2 28 303 0 nan
2 66 282 0 nan
6 293 -1 0 nan
7 364 -1 0 0.05
2 306 3 0 nan
8 284 -1 0 0.402162
6 128 -1 0 nan
1 1 309 0 nan
2 263 1 0 nan
2 387 287 0 nan
6 6 -1 0 nan
8 227 -1 0 nan
6 14 -1 0 nan
4 366 294 0 nan
6 25 -1 0 nan
4 165 133 0 nan
6 257 -1 0 nan
6 266 -1 0 nan
4 308 255 0 nan
6 51 -1 0 nan
7 178 -1 0 nan
1 70 82 0 nan
1 276 7 0 nan
5 124 -1 0 0.399279
1 363 85 0 1.34915
3 387 207 0 0.349154
2 144 28 0 -1.44435
4 189 205 0 0.789623
4 210 264 0 nan
7 30 -1 0 nan
6 372 -1 0 nan
4 272 147 0 nan
7 194 -1 0 nan
8 249 -1 0 0.910003
6 271 -1 0 nan
5 348 -1 0 nan
4 152 38 0 nan
1 308 248 0 nan
4 155 24 0 nan
3 228 348 0 nan
2 126 285 0 nan
5 260 -1 0 nan
3 401 12 0 nan
2 1 264 0 0.329072
7 265 -1 0 nan
6 44 -1 0 0.98482
4 368 344 0 nan
6 386 -1 0 nan
6 190 -1 0 nan
4 103 385 0 nan
2 284 231 0 nan
1 253 206 0 0.426802
4 334 148 0 nan
2 72 207 0 nan
7 193 -1 0 nan
2 284 267 0 nan
7 67 -1 0 nan
1 136 35 0 nan
4 192 220 0 nan
1 331 192 0 nan
8 79 -1 0 nan
3 269 3 0 nan
1 324 74 0 nan
6 105 -1 0 0.553013
3 306 143 0 0.41073
7 244 -1 0 nan
7 388 -1 0 nan
6 63 -1 0 0.99875
2 146 263 0 nan
4 128 211 0 nan
5 71 -1 0 nan
1 170 47 0 nan
7 113 -1 0 nan
7 311 -1 0 nan
2 83 204 0 nan
5 337 -1 0 nan
5 69 -1 0 nan
3 371 374 0 nan
4 108 187 0 nan
6 5 -1 0 nan
6 109 -1 0 nan
5 345 -1 0 nan
1 38 199 0 nan
5 305 -1 0 0.647358
5 166 -1 0 -0.556606
5 284 -1 0 0.592503
1 127 303 0 1.80358
8 286 -1 0 0.00323647
2 105 207 0 0.0149493
4 111 250 0 0.14038
5 285 -1 0 0.478384
1 108 210 0 nan
2 29 5 0 nan
6 169 -1 0 nan
1 93 26 0 0.437378
5 387 -1 0 nan
5 84 -1 0 nan
5 304 -1 0 nan
1 193 394 0 nan
7 52 -1 0 nan
7 124 -1 0 nan
5 25 -1 0 nan
8 75 -1 0 nan
6 1 -1 0 0.825336
5 25 -1 0 -0.751233
7 63 -1 0 0.223607
4 127 223 0 3.73189
6 385 -1 0 nan
7 189 -1 0 0.634163
5 144 -1 0 nan
2 72 329 0 nan
8 123 -1 0 nan
3 323 165 0 nan
8 286 -1 0 nan
3 227 152 0 nan
1 367 386 0 nan
1 323 367 0 nan
7 176 -1 0 nan
5 146 -1 0 nan
6 235 -1 0 nan
8 175 -1 0 nan
4 6 49 0 nan
2 74 44 0 nan
2 165 144 0 0.780213
3 43 285 0 nan
5 146 -1 0 0.973029
3 103 208 0 0.183767
8 285 -1 0 nan
4 225 224 0 nan
8 284 -1 0 0.402162
4 29 223 0 nan
5 32 -1 0 -nan(ind)
8 247 -1 0 nan
2 63 148 0 nan
5 212 -1 0 nan
6 203 -1 0 nan
2 23 255 0 nan
8 226 -1 0 nan
8 108 -1 0 nan
6 24 -1 0 nan
2 111 93 0 nan
6 65 -1 0 nan
3 35 345 0 nan
2 184 225 0 nan
1 165 266 0 1.03641
6 204 -1 0 0.50931
5 147 -1 0 0.00323647
8 105 -1 0 0.969871
5 145 -1 0 0.558439
8 291 -1 0 nan
4 369 111 0 nan
6 93 -1 0 nan
6 331 -1 0 nan
5 66 -1 0 nan
2 189 264 0 nan
7 397 -1 0 nan
8 386 -1 0 nan
3 118 99 0 nan
7 295 -1 0 nan
7 54 -1 0 nan
5 130 -1 0 nan
7 378 -1 0 nan
1 194 131 0 nan
5 264 -1 0 0.267626
8 346 -1 0 0.0254159
3 344 307 0 -0.73117
8 7 -1 0 0.0197065
7 26 -1 0 nan
2 10 385 0 nan
3 191 185 0 -nan(ind)
5 363 -1 0 nan
6 227 -1 0 nan
2 84 143 0 nan
2 203 85 0 nan
2 104 151 0 nan
3 67 86 0 nan
2 254 223 0 nan
5 393 -1 0 nan
6 1 -1 0 nan
4 351 121 0 nan
7 285 -1 0 nan
3 40 6 0 nan
4 324 321 0 nan
5 305 -1 0 nan
4 203 26 0 nan
2 347 4 0 nan
3 328 345 0 2.29416
8 164 -1 0 0.564352
2 250 110 0 nan
1 51 370 0 0.953941
4 46 51 0 3.04034
4 190 64 0 nan
1 270 174 0 nan
5 154 -1 0 0.423565
1 87 287 0 nan
1 331 377 0 nan
2 210 166 0 nan
8 64 -1 0 nan
7 174 -1 0 nan
1 50 215 0 nan
6 182 -1 0 nan
4 307 365 0 nan
5 92 -1 0 nan
6 285 -1 0 nan
4 165 163 0 0.270928
7 127 -1 0 nan
3 163 105 0 0.812807
5 168 -1 0 0.592503
5 390 -1 0 0
5 30 -1 0 nan
7 368 -1 0 nan
7 66 -1 0 nan
6 194 -1 0 nan
5 89 -1 0 nan
4 192 88 0 nan
7 229 -1 0 -nan(ind)
3 173 265 0 nan
7 384 -1 0 nan
6 206 -1 0 nan
4 109 44 0 nan
2 330 256 0 nan
7 319 -1 0 nan
2 79 278 0 nan
6 205 -1 0 nan
3 266 183 0 0.634163
3 1 326 0 0.498814
5 383 -1 0 0.05689
6 83 -1 0 0.921342
4 324 49 0 nan
7 225 -1 0 -nan(ind)
3 92 145 0 nan
7 383 -1 0 nan
5 284 -1 0 nan
4 215 369 0 nan
8 372 -1 0 nan
6 97 -1 0 nan
1 369 246 0 nan
1 7 150 0 nan
5 276 -1 0 nan
3 209 224 0 nan
3 396 336 0 nan
1 366 227 0 nan
6 121 -1 0 nan
1 324 1 0 0.804825
3 45 285 0 0.000193713
6 87 -1 0 0.704113
6 365 -1 0 0.634472
5 246 -1 0 0.749581
7 123 -1 0 0.743648
5 227 -1 0 nan
3 132 188 0 nan
7 253 -1 0 nan
1 267 248 0 nan
1 374 245 0 nan
8 109 -1 0 nan
5 370 -1 0 nan
5 369 -1 0 nan
5 116 -1 0 nan
8 74 -1 0 nan
2 144 329 0 nan
5 348 -1 0 nan
4 199 340 0 nan
6 328 -1 0 nan
5 84 -1 0 0.975537
3 205 65 0 0.204825
5 86 -1 0 -0.992016
1 308 48 0 0.831357
6 2 -1 0 0.99875
7 285 -1 0 0.706268
6 165 -1 0 nan
3 6 12 0 nan
6 170 -1 0 nan
4 131 134 0 nan
3 87 65 0 nan
3 287 370 0 nan
3 353 1 0 nan
8 111 -1 0 nan
7 196 -1 0 nan
1 115 317 0 nan
5 4 -1 0 nan
3 386 233 0 nan
5 135 -1 0 nan
7 340 -1 0 nan
3 205 304 0 9.86597e-05
2 343 323 0 -0.975438
3 386 46 0 3.24829
8 83 -1 0 0.159424
3 145 64 0 nan
6 387 -1 0 nan
8 63 -1 0 nan
6 25 -1 0 nan
8 113 -1 0 nan
1 149 130 0 nan
1 330 27 0 nan
8 270 -1 0 nan
6 254 -1 0 nan
7 383 -1 0 nan
5 244 -1 0 nan
3 228 223 0 nan
6 73 -1 0 nan
6 272 -1 0 nan
6 247 -1 0 nan
6 316 -1 0 nan
6 364 -1 0 0.999997
8 2 -1 0 0.0025
6 384 -1 0 0.883472
6 168 -1 0 nan
2 345 209 0 nan
7 364 -1 0 nan
8 28 -1 0 nan
8 143 -1 0 0.419073
6 373 -1 0 nan
1 303 123 0 nan
1 331 349 0 nan
6 88 -1 0 nan
1 364 86 0 nan
8 374 -1 0 nan
1 236 276 0 nan
7 326 -1 0 nan
1 107 290 0 nan
8 216 -1 0 nan
4 110 28 0 nan
6 299 -1 0 nan
6 385 -1 0 0.0569207
5 205 -1 0 0.487575
1 287 267 0 1.51384
1 327 127 0 1.9975
8 1 -1 0 0.36
1 164 224 0 nan
1 166 385 0 nan
8 0 -1 0 0
1 164 4 0 nan
5 368 -1 0 nan
7 5 -1 0 nan
5 28 -1 0 nan
8 0 -1 0 nan
5 225 -1 0 nan
8 59 -1 0 nan
3 337 206 0 nan
2 23 335 0 nan
6 19 -1 0 nan
2 314 172 0 nan
5 229 -1 0 nan
1
275 -nan(ind)
